0,526
0,525
0,524
68,4
68,3
68,2
68,1
68,0
67,3
67,2
67,1
67,0
66,3
66,2
66,1
66,0
65,5
65,4
65,3
65,2
65,1
65,0
64,4
64,3
64,2
64,1
64,0
63,3
63,2
63,1
63,0
62,4
62,3
62,2
62,1
62,0
61,3
61,2
61,1
61,0
0,523
0,522
0,521
0,520
0,519
0,518
0,517
0,516
0,515
0,514
0,513
60,3
60,2
60,1
60,0
59,5
0,512
59,4
59,3
59,2
59,1
59,0
58,4
58,3
58,2
58,1
58,0
57,3
57,2
57,1
57,0
56,4
56,3
56,2
56,1
56,0
55,3
55,2
55,1
55,0
54,3
54,2
54,1
54,0
53,5
53,4
53,3
53,2
53,1
53,0
52,4
52,3
52,2
52,1
52,0
51,3
51,2
51,1
51,0
50,4
50,3
50,2
50,1
50,0
49,3
49,2
49,1
49,0
48,3
48,2
48,1
48,0
47,5
47,4
47,3
47,2
47,1
47,0
46,4
46,3
46,2
46,1
46,0
45,3
45,2
45,1
45,0
44,4
44,3
44,2
44,1
44,0
0,479
0,478
0,477
0,476
0,475
43,3
43,2
0,474
43,1
43,0
0,473
0,472
0,471
0,470
0,469
42,5
0,468
0,467
42,4
0,466
42,3
42,2
0,465
42,1
42,0
0,464
0,463
41,4
0,462
41,3
41,2
0,461
41,1
41,0
40,3
40,2
40,1
40,0
39,4
39,3
39,2
39,1
39,0
38,5
38,4
38,3
